$ANSIBLE_VAULT;1.2;AES256;agross2
39306362353534666465376266666237373039336339653533303334616161373239313730633965
3239656133643966623731333939383735646334363531350a306463346537303663323465626634
33393165393836663461323063366166636235653964383466616464656438396633393930303334
6666393162396466650a366561363866353835663330616263316336643661613533636238343639
64613536363839356136393235336633643734623836366434636165393136656436356465336665
32393532633632386463666138366130343563306539306636613731383736346431626232383339
30633833333237356532376165336337333435323334356637663434636264356239396636343134
34353739353466326130646337616238653730653339343131396462303635353334656463613839
34336234633234376636346339363662623938616432306132313731656236333237383536333034
39343032636261643937633431326637376137356634666665343361353462323935646364613939
63633135633862396538306434363636326239623232353930646238336664316662643130363535
65306538333463653264333336393337376130343833663734383566323830333766656335333337
32383435313566393637653235323963363162383736383665363462333665366561616430333539
31346466383933393064326461333862323938306235386330626436343165333633333737626135
31643335646336373739393136343237326562626432383937666634366265363836366433623134
33303337363266383665393934643830646437383730643638633938313235656136323030343335
33363039363135303338396232346461626465623838633031333734353330613136356434633466
62663735323665626132313164653164613636323137623236366465373236386537316361613533
32626461623431646263383231313639613731633134356433396637646463336535336666353064
36356462663235303335653737383731656561343332303266353231323565613861643732333965
35653165333961373438643261366333346335653534623766313336393061623437623831653536
36663137333235353836346561666566303338346563323539336163366365396161616631343330
32646562326461306139613564633839396532633231396335343162386437656536623235613430
35333835653366623865613932396361663136323233306439336236656464383932373863316131
34323461316264626432396136303836306637303065353065386630356336653934383266633630
65303538363130666137646464316136393634623161376235656534326132643438383764366530
37346132336561366561383162353535343765353664353331333562313335646130333162613138
63326232636561656134643532386637656231343131346361623535343836363262396630346661
61666138386365356136353063313832333739323632343531353062326534646666343966363435
63666432633236303563623162366632326534396434373834656563636331653039393436653135
66343761356137643830393634613231306432656237353666363362366231343639346437393436
61353036663264353636363366373331616362623437636332303339633539376139653630633166
62376166323266363334306239336661643135666537343137336536616665393137333333613563
31306430313334366332636666653433323664333365646566613830373230636462353633346238
62613938363130313231633761366663663130636666323533643433373739386164343236663135
61636134663636376633
